nombre de noeuds = 120

 Tâche | Niveaux |
 ----- | ------- |
   1.  |    0    |
   2.  |    0    |
   3.  |    0    |
   4.  |    1    |
   5.  |    1    |
   6.  |    1    |
   7.  |    2    |
   8.  |    2    |
   9.  |    3    |
   10  |    1    |
   11  |    2    |
   12  |    1    |
   13  |    1    |
   14  |    2    |
   15  |    3    |
   16  |    3    |
   17  |    1    |
   18  |    2    |
   19  |    3    |
   20  |    3    |
   21  |    2    |
   22  |    4    |
   23  |    3    |
   24  |    1    |
   25  |    4    |
   26  |    4    |
   27  |    4    |
   28  |    1    |
   29  |    4    |
   30  |    5    |
   31  |    4    |
   32  |    5    |
   33  |    5    |
   34  |    2    |
   35  |    3    |
   36  |    4    |
   37  |    4    |
   38  |    2    |
   39  |    3    |
   40  |    4    |
   41  |    2    |
   42  |    2    |
   43  |    5    |
   44  |    4    |
   45  |    5    |
   46  |    5    |
   47  |    6    |
   48  |    6    |
   49  |    5    |
   50  |    6    |
   51  |    6    |
   52  |    7    |
   53  |    7    |
   54  |    4    |
   55  |    6    |
   56  |    3    |
   57  |    7    |
   58  |    4    |
   59  |    5    |
   60  |    4    |
   61  |    6    |
   62  |    3    |
   63  |    7    |
   64  |    2    |
   65  |    3    |
   66  |    6    |
   67  |    8    |
   68  |    8    |
   69  |    7    |
   70  |    7    |
   71  |    8    |
   72  |    7    |
   73  |    5    |
   74  |    8    |
   75  |    8    |
   76  |    9    |
   77  |    8    |
   78  |    5    |
   79  |    9    |
   80  |    7    |
   81  |    5    |
   82  |    10    |
   83  |    5    |
   84  |    5    |
   85  |    6    |
   86  |    8    |
   87  |    10    |
   88  |    9    |
   89  |    7    |
   90  |    3    |
   91  |    6    |
   92  |    7    |
   93  |    5    |
   94  |    9    |
   95  |    4    |
   96  |    9    |
   97  |    6    |
   98  |    11    |
   99  |    6    |
   100  |    6    |
   101  |    8    |
   102  |    7    |
   103  |    7    |
   104  |    8    |
   105  |    7    |
   106  |    11    |
   107  |    9    |
   108  |    6    |
   109  |    12    |
   110  |    12    |
   111  |    10    |
   112  |    13    |
   113  |    11    |
   114  |    14    |
   115  |    10    |
   116  |    13    |
   117  |    8    |
   118  |    15    |
   119  |    15    |
   120  |    9    |

 
Tâches triées | 1 | 2 | 3 | 4 | 5 | 6 | 10 | 12 | 13 | 17 | 24 | 28 | 7 | 8 | 11 | 14 | 18 | 21 | 34 | 38 | 41 | 42 | 64 | 9 | 15 | 16 | 19 | 20 | 23 | 35 | 39 | 56 | 62 | 65 | 90 | 22 | 25 | 26 | 27 | 29 | 31 | 36 | 37 | 40 | 44 | 54 | 58 | 60 | 95 | 30 | 32 | 33 | 43 | 45 | 46 | 49 | 59 | 73 | 78 | 81 | 83 | 84 | 93 | 47 | 48 | 50 | 51 | 55 | 61 | 66 | 85 | 91 | 97 | 99 | 100 | 108 | 52 | 53 | 57 | 63 | 69 | 70 | 72 | 80 | 89 | 92 | 102 | 103 | 105 | 67 | 68 | 71 | 74 | 75 | 77 | 86 | 101 | 104 | 117 | 76 | 79 | 88 | 94 | 96 | 107 | 120 | 82 | 87 | 111 | 115 | 98 | 106 | 113 | 109 | 110 | 112 | 116 | 114 | 118 | 119 |
 
Durée minimal du projet: 85
 
   Tâche   | Date_tot  | Date_tard |   Marge   | Critique? |
 --------- | --------- | --------- | --------- | --------- |
     1     |     0     |     -10     |     -10     |    non    |
     2     |     0     |     0     |     0     |    oui    |
     3     |     0     |     0     |     0     |    oui    |
     4     |     6     |    13     |     7     |    non    |
     5     |     6     |     -4     |     -10     |    non    |
     6     |    10     |    11     |     1     |    non    |
     7     |    11     |    18     |     7     |    non    |
     8     |    13     |     3     |     -10     |    non    |
     9     |    23     |    25     |     2     |    non    |
    10     |     6     |    37     |    31     |    non    |
    11     |    12     |    17     |     5     |    non    |
    12     |     9     |    15     |     6     |    non    |
    13     |     9     |    17     |     8     |    non    |
    14     |    13     |    22     |     9     |    non    |
    15     |    17     |    33     |    16     |    non    |
    16     |    17     |    22     |     5     |    non    |
    17     |    10     |    11     |     1     |    non    |
    18     |    12     |    13     |     1     |    non    |
    19     |    15     |    16     |     1     |    non    |
    20     |    23     |    13     |     -10     |    non    |
    21     |    13     |    45     |    32     |    non    |
    22     |    25     |    25     |     0     |    oui    |
    23     |    19     |    20     |     1     |    non    |
    24     |    10     |    28     |    18     |    non    |
    25     |    27     |    32     |     5     |    non    |
    26     |    21     |    39     |    18     |    non    |
    27     |    27     |    35     |     8     |    non    |
    28     |     9     |    46     |    37     |    non    |
    29     |    21     |    22     |     1     |    non    |
    30     |    31     |    36     |     5     |    non    |
    31     |    25     |    15     |     -10     |    non    |
    32     |    22     |    40     |    18     |    non    |
    33     |    34     |    24     |     -10     |    non    |
    34     |    11     |    23     |    12     |    non    |
    35     |    23     |    41     |    18     |    non    |
    36     |    25     |    27     |     2     |    non    |
    37     |    28     |    30     |     2     |    non    |
    38     |    19     |    35     |    16     |    non    |
    39     |    14     |    26     |    12     |    non    |
    40     |    28     |    53     |    25     |    non    |
    41     |    12     |    18     |     6     |    non    |
    42     |    13     |    21     |     8     |    non    |
    43     |    27     |    27     |     0     |    oui    |
    44     |    22     |    23     |     1     |    non    |
    45     |    31     |    32     |     1     |    non    |
    46     |    28     |    37     |     9     |    non    |
    47     |    33     |    35     |     2     |    non    |
    48     |    40     |    30     |     -10     |    non    |
    49     |    32     |    34     |     2     |    non    |
    50     |    37     |    46     |     9     |    non    |
    51     |    33     |    34     |     1     |    non    |
    52     |    38     |    39     |     1     |    non    |
    53     |    38     |    54     |    16     |    non    |
    54     |    26     |    56     |    30     |    non    |
    55     |    32     |    37     |     5     |    non    |
    56     |    21     |    29     |     8     |    non    |
    57     |    50     |    40     |     -10     |    non    |
    58     |    28     |    44     |    16     |    non    |
    59     |    32     |    34     |     2     |    non    |
    60     |    31     |    39     |     8     |    non    |
    61     |    33     |    33     |     0     |    oui    |
    62     |    21     |    53     |    32     |    non    |
    63     |    38     |    41     |     3     |    non    |
    64     |    12     |    30     |    18     |    non    |
    65     |    19     |    37     |    18     |    non    |
    66     |    41     |    46     |     5     |    non    |
    67     |    44     |    79     |    35     |    non    |
    68     |    48     |    60     |    12     |    non    |
    69     |    38     |    38     |     0     |    oui    |
    70     |    42     |    47     |     5     |    non    |
    71     |    47     |    47     |     0     |    oui    |
    72     |    38     |    40     |     2     |    non    |
    73     |    34     |    41     |     7     |    non    |
    74     |    52     |    42     |     -10     |    non    |
    75     |    47     |    47     |     0     |    oui    |
    76     |    48     |    48     |     0     |    oui    |
    77     |    44     |    60     |    16     |    non    |
    78     |    36     |    53     |    17     |    non    |
    79     |    55     |    45     |     -10     |    non    |
    80     |    38     |    49     |    11     |    non    |
    81     |    36     |    52     |    16     |    non    |
    82     |    60     |    50     |     -10     |    non    |
    83     |    28     |    38     |    10     |    non    |
    84     |    40     |    48     |     8     |    non    |
    85     |    38     |    54     |    16     |    non    |
    86     |    44     |    49     |     5     |    non    |
    87     |    49     |    49     |     0     |    oui    |
    88     |    51     |    58     |     7     |    non    |
    89     |    50     |    51     |     1     |    non    |
    90     |    28     |    44     |    16     |    non    |
    91     |    41     |    43     |     2     |    non    |
    92     |    44     |    53     |     9     |    non    |
    93     |    35     |    60     |    25     |    non    |
    94     |    57     |    69     |    12     |    non    |
    95     |    27     |    54     |    27     |    non    |
    96     |    52     |    52     |     0     |    oui    |
    97     |    38     |    59     |    21     |    non    |
    98     |    53     |    53     |     0     |    oui    |
    99     |    42     |    44     |     2     |    non    |
    100     |    37     |    57     |    20     |    non    |
    101     |    48     |    49     |     1     |    non    |
    102     |    42     |    47     |     5     |    non    |
    103     |    47     |    63     |    16     |    non    |
    104     |    47     |    56     |     9     |    non    |
    105     |    45     |    61     |    16     |    non    |
    106     |    68     |    58     |     -10     |    non    |
    107     |    51     |    56     |     5     |    non    |
    108     |    34     |    60     |    26     |    non    |
    109     |    59     |    59     |     0     |    oui    |
    110     |    76     |    66     |     -10     |    non    |
    111     |    59     |    64     |     5     |    non    |
    112     |    61     |    61     |     0     |    oui    |
    113     |    61     |    66     |     5     |    non    |
    114     |    69     |    69     |     0     |    oui    |
    115     |    64     |    76     |    12     |    non    |
    116     |    83     |    73     |     -10     |    non    |
    117     |    52     |    68     |    16     |    non    |
    118     |    90     |    80     |     -10     |    non    |
    119     |    75     |    75     |     0     |    oui    |
    120     |    48     |    83     |    35     |    non    |

 
Tâches Critiques | 2 | 3 | 22 | 43 | 61 | 69 | 71 | 75 | 76 | 87 | 96 | 98 | 109 | 112 | 114 | 119 |
